908318
188818
889414
159524
285810
726902
966310
958620
296508
786906
313900
289918
105704
833702
966812
586612
251408
938516
288816
377008
371912
625600
197102
454102
466308
836222
81122
472108
784910
129818
174204
518808
948524
905006
237720
874802
190620
867206
273102
577810
180610
253712
493412
639106
547410
920114
899906
263610
781124
55922
234818
664104
851000
137906
155802
799822
677122
355114
267408
430700
231922
52704
667106
328908
261112
746404
378012
888202
261110
383204
377910
674620
29408
576812
695716
607706
777904
725824
821400
141922
405110
286710
111302
512512
14624
631210
297703
61813
170319
81023
887313
930411
352623
998311
117605