944002
461210
752306
820310
872524
267620
735820
877420
37016
102006
454204
243318
3016
628808
327302
655512
585422
352308
561206
69322
947202
791016
419424
93622
654110
114212
483022
802720
885020
745722
649702
138218
636708
33310
576722
324824
344620
73816
354218
432514
763400
42924
113010
553102
804018
442910
717622
458608
977008
225118
227400
557916
199508
282916
330520
227804
419904
192614
305024
871820
37022
736218
153624
265116
176912
363912
234124
256814
558000
104200
235916
922212
972120
881108
377516
727414
822012
657600
517820
488612
250624
428702
231122
980210
850602
510710
39001
917123
343901
466021
321023
448323
593711
186805
666905