775212
660900
568506
24120
707608
580318
971912
710818
892408
36710
425818
746310
22708
899414
358116
8104
763408
37314
708614
21604
187208
60808
789822
595902
753404
948824
995708
25320
143318
446004
382602
752404
521202
201306
433120
348510
144718
872424
986418
37920
131600
208510
599214
560224
470710
170308
7620
903208
479204
756214
946316
279622
440804
909018
572220
725506
87318
548704
850204
288700
117504
525908
369400
988620
6320
411102
267008
786700
508716
33708
895520
81518
708002
950612
482912
496412
419422
56010
249910
991620
27402
79205
103817
80205
165401
221603
843817
790207
772313
856323