690314
573610
279002
645806
440802
411424
113002
354424
459224
295114
234314
452002
255304
304508
413112
926312
968202
308214
292118
831410
49604
650022
605800
299318
67902
890410
695402
851420
26122
81022
959210
466002
321524
138024
274118
774724
760414
255122
20400
355416
884418
989506
674000
691416
155418
709400
514214
572910
610318
457012
315300
249014
546412
778118
680116
73104
456306
130918
989800
942818
632710
774924
227120
869922
504110
172314
753908
242114
925520
231406
233712
696014
324716
210006
823300
999122
530220
695000
419810
369900
833000
162123
650617
323101
618617
871921
701203
612617
671021
795913