686114
743314
743520
537912
105822
533224
705100
739820
615708
204512
203424
291308
299016
708518
536322
18102
438018
721914
196402
681324
637212
705414
458804
854920
259316
396204
827416
902012
109300
818910
206500
247412
808516
640810
993614
328516
330212
364416
82818
850202
137624
285506
470702
484500
906102
852108
697712
60704
189306
485410
844806
113000
352006
258106
880310
432702
430116
7210
455504
438824
473518
954504
476316
26110
21212
237124
101020
496016
840506
947414
249506
809706
409806
457924
345916
840012
85200
578422
286318
106220
645320
114814
246100
62200
13224
155500
938413
316503
659801
834621
609925
450017
401825
752215
332607