141420
868002
371520
433404
975724
918920
186208
881420
762824
317512
976006
376124
662700
677316
125004
324410
768814
77112
986516
16618
95006
759716
18818
165920
963502
346106
683500
216216
398020
246204
955404
767602
664500
951822
68202
979206
412220
408406
856622
94118
9200
707216
724712
983712
9214
957204
671620
664922
752212
535906
211422
572522
532914
656624
106004
965502
6522
410410
684302
284214
753808
710816
158614
990112
83304
516104
206514
628320
871120
904220
17512
222516
891116
903310
197718
9020
386312
121400
456902
112316
359306
653420
517322
435918
413124
302712
983325
347925
967625
59507
784707
316725
342101
993205
591225