140612
989904
652418
563610
415410
858814
574720
351108
440510
816310
340124
277606
340212
578920
9400
451704
260520
614
250404
130408
107906
787106
39414
949616
956406
396424
370408
588020
23702
16100
844112
373508
519314
608320
534220
981012
156714
703618
569524
391118
685900
398612
461806
67518
891612
616820
255312
108124
909106
169908
844024
632218
368700
867912
883406
801716
645020
741022
470404
368606
908422
372218
801110
608122
131106
856512
699420
526612
279124
845008
343322
139012
689620
341208
60516
286814
43424
111118
724614
564308
554310
129107
44725
791019
610217
934923
296501
198323
622203
410207