988902
138112
226310
690314
216620
111912
850508
540504
352806
416622
326420
84912
264308
990822
770620
619106
18322
193220
351000
707700
104402
111202
433508
745804
60012
763902
721202
332922
576904
526806
91718
618222
327918
615302
485410
296810
822902
725504
276112
249622
256002
379116
200224
538324
441712
326304
377018
321500
615000
919622
488700
515414
776804
130920
790206
628802
356218
520618
307708
220120
205202
482600
442904
865216
882202
226924
301820
66016
645222
240202
495420
568420
624214
838900
333420
379704
117322
239004
306622
553116
70204
78606
493710
853522
672108
223622
625701
962723
69111
793501
534713
442101
776805
720707
751223