755110
375702
21200
428420
477822
164124
378600
686324
806806
60002
963722
329018
497620
678006
527224
768102
938924
341602
107518
402424
733618
399100
202700
635402
251306
501020
618200
945922
650306
191924
190622
712400
514422
861412
432104
986214
789000
386522
53124
475916
740724
174308
731512
525816
329406
768106
202314
264006
753516
387018
765920
507100
162022
99518
958212
313624
788414
281820
423204
822314
544404
802212
343916
800906
872304
306720
560100
834500
105708
556918
424406
4816
946422
672812
693418
220910
649310
99302
165802
927406
626912
768221
327701
712801
212503
956123
243213
280917
306523
235423