984004
467218
947606
177114
50216
919506
48308
262608
844122
406312
704200
414616
261716
54106
627124
46014
254222
922324
949918
454602
764512
660018
199102
926014
400504
234024
777522
892502
835306
933800
27018
55910
199312
366722
575512
787800
507724
717024
835120
197706
995222
779210
257102
502420
508914
198608
331320
125620
497500
355722
622104
222208
123908
417210
175618
339804
599002
798408
713022
6208
405918
207502
21708
63214
235418
305224
123006
128900
87006
525502
360706
770724
338220
917718
285410
511712
265514
281120
378124
638422
834220
906615
335211
685101
185615
676601
750411
181421
951913
448123