526820
73924
974600
746502
326618
120100
446406
437610
573402
278606
555408
913620
942500
68912
57316
129112
280116
918810
44904
803900
567204
756424
575922
423604
240524
421302
556824
807714
371300
237018
326018
498408
295122
68612
723224
710206
190212
709510
454204
438002
689318
238622
78920
146208
28302
504320
810000
270604
839114
752906
24216
235400
347102
948200
293406
381118
994312
285824
787912
10724
146008
237608
440904
807520
411418
921214
221514
850024
310412
145200
346024
126802
395408
412906
641812
881412
674900
803106
717022
920400
164402
402612
805512
259610
975422
725110
809517
896515
456521
321203
555401
581821
180705
519425
461803