905012
175124
546012
642402
814022
32302
304222
372506
872922
311602
252206
319320
707518
660010
246122
128414
639812
588510
245212
641800
437312
102824
746904
954508
864712
831822
98404
712820
639120
10018
631322
35018
842506
702804
402124
182200
125004
474606
196208
572224
246306
213116
410606
843918
232716
390924
432302
318812
951522
807618
636512
239614
427714
451016
679212
549108
674822
234112
26000
882918
310724
658214
800322
567722
521818
951008
314812
907802
695418
835120
706012
566518
702418
778700
324920
145210
855100
880412
777120
944202
466014
736714
905312
495202
707210
556524
915323
544313
725701
836805
70921
285703
220625
85515
998401