862014
123120
765118
408924
481324
659316
321022
212104
113618
758822
726320
17112
677924
724512
611802
984906
708200
636816
235108
609816
883302
223606
727202
898912
559100
547706
997704
82608
613824
784218
225012
495118
404520
320408
817606
313114
403712
38000
179720
928824
676716
633116
935118
652612
895716
38806
714020
529902
506924
150216
816422
561324
810506
293004
704416
278816
88010
670814
123216
942806
965424
140404
877716
368616
447316
408104
922718
268006
343110
241008
228412
140704
324602
99604
262100
235010
641912
215206
375822
109422
752422
410010
280922
543102
115310
539300
386223
925403
205615
156205
788001
301101
567507
542403
251113