91810
741306
422314
472610
15004
769720
101114
621818
836108
728016
4312
299206
564322
861904
543522
649918
219524
723824
314118
392110
471420
886320
782904
790622
324400
146624
617812
483816
814802
628816
428020
241316
169424
87422
764804
227204
125102
120910
294018
266100
394522
908622
978908
353122
250612
263124
126810
900524
355016
811004
767422
259724
235812
519608
6122
302618
334812
773104
578004
260902
242604
735308
496700
573816
54600
743918
264118
592918
529616
470404
880704
840520
221410
720300
187222
858708
488806
35902
349006
19520
843210
165722
814200
864420
804320
403820
668417
738107
245507
254115
5015
32403
333121
630817
162523