128112
697124
239424
971618
691904
332420
654816
407000
435210
936514
103418
512202
779214
25424
11622
394524
349718
740422
324820
386010
842222
701510
79712
937402
162802
672622
178406
577720
20604
329618
297404
248508
596114
662910
423720
569102
877804
105820
647504
514002
293606
27604
530700
711206
596908
495620
626202
781722
576522
738318
445402
559214
713814
912006
133018
93122
513104
312924
602912
318708
726402
590418
819910
992510
959610
294216
901622
106516
744702
789102
217316
345220
747618
606018
505920
419008
792110
956510
643202
201500
539920
270321
387315
84715
862601
355317
105813
375421
913207
59009