378420
574512
486310
43508
214624
20712
196516
683110
672910
304504
451320
681008
951500
545722
200216
573112
996502
930504
469000
248420
466708
797800
489908
574622
14702
707200
235306
915024
304310
674624
504814
636224
379402
603412
568620
252308
917306
135114
403500
213304
116808
482414
910610
655412
795314
955808
339014
495120
317514
588120
12112
705300
312608
53000
141604
512024
164120
463710
647522
721302
600410
810804
623006
772104
439824
931110
560616
409920
16318
78116
887812
158412
229412
211802
265606
957316
186508
35716
102906
821516
491012
59516
763402
935212
822322
877220
430405
490311
863507
74625
267615
585305
648521
730703
724723