338422
391916
156112
610502
283824
176624
969220
754400
360002
534000
511204
576618
159922
724808
378720
504922
293014
569702
690816
348918
491314
383216
336010
613924
588418
29624
951816
780914
240716
495500
950712
214102
991100
425114
389400
967102
243820
937412
712004
148210
871408
179102
597102
964024
948502
128116
863412
249822
360118
803302
130302
93604
675702
153002
78508
318910
85024
630418
273912
900720
839022
982704
812718
495810
975204
480104
112500
102920
333200
15204
706714
647018
347802
165008
718100
434220
564118
794720
732710
686520
72104
42915
456615
821617
403723
292217
4105
502725
337107
516923