284800
267108
49922
885910
657402
706324
116412
285006
595020
206312
777312
973814
646412
866522
230012
361718
240610
846922
654002
656902
508808
648524
42202
280014
463506
720902
300206
136312
410204
694824
704604
522302
977412
772914
428508
725024
314608
740700
403808
182608
874622
835308
686714
414208
101406
295704
226106
397414
589306
896002
567412
754312
671612
868318
938914
383208
72504
639406
685614
597720
920808
984414
730316
264322
178014
691902
355518
415516
669204
702612
159416
62010
321618
886122
251322
76002
859102
630312
827502
377520
290412
968800
574210
436822
215812
127112
830207
892825
371001
280117
468603
575103
991201
169401
86807