54814
849502
115510
639204
228108
626418
876712
5214
758724
936924
379112
764910
465320
612420
402012
629802
953704
726906
344500
798414
101106
439410
707700
332602
245422
222814
245724
736810
183324
261310
151208
961616
327516
241722
750208
452506
134918
414218
571820
224114
428506
727506
728802
20018
525508
599416
401920
956516
706118
454312
731404
869002
977910
746522
875520
204120
371110
140510
651600
518708
924908
83822
111218
22720
108618
553206
997812
380020
419414
830520
301400
239008
398212
673012
472814
136422
165720
772814
230802
840122
582212
599222
460524
866620
813020
104702
144621
411905
190507
806707
441407
316711
512301
657613
464623