337818
520624
12300
580806
92506
5914
557004
654220
256922
346008
29324
943812
714618
877110
334002
290722
584022
324304
623412
68602
998720
95422
614206
408424
728412
896714
687012
191624
794300
857516
260400
128112
487514
356810
688418
331506
471818
184122
995022
553702
343314
362308
129022
151422
311808
943214
504216
533304
29524
252002
797400
249810
698910
462418
472500
883708
704216
372810
77902
5422
287408
860606
680204
639906
591518
766422
237424
894414
703100
51606
796506
295722
406522
53102
429302
816608
2122
837424
797100
595604
616102
854503
98423
929021
361309
139805
766325
618623
52907
796621