604318
879624
664316
668816
400724
528602
519414
205416
742524
441400
228214
159802
945514
899624
76112
434408
626316
680220
4918
900804
607308
813002
814124
691122
211720
425712
371800
126220
570714
28524
533402
407408
786808
808902
62610
941300
686302
73600
744112
356418
622906
51820
33600
617520
330618
925714
355512
383008
244622
14214
678722
250910
247814
847400
983414
382902
874802
439402
834008
560720
821520
579902
500712
72118
528414
582206
641702
803810
265310
116718
815720
656908
389500
446004
768804
360810
62304
342916
539312
948412
134518
838515
815623
161617
591215
663323
475313
589313
664825
608607