875608
932422
714610
223922
243900
548314
55918
436806
805904
633008
738324
822308
575312
68810
620818
113018
16920
278822
946504
898202
548604
302522
268422
904708
476316
587612
686624
403724
603206
479500
252608
417606
283412
587618
110222
946202
117406
417014
502918
787006
460422
143902
173120
703616
154616
375122
764018
691904
852214
880208
12624
231218
688312
817312
531704
81020
435416
165020
871122
702110
9918
50514
363210
597720
470620
463910
41602
785902
309504
252720
668102
114918
236220
440624
283312
724512
95422
760814
37708
506902
618520
284609
246007
979303
454305
5401
671807
364305
345717
623521