74316
864110
526300
719912
62920
524514
961404
899908
13500
805314
492408
869312
399908
792410
85612
770112
36824
112502
785618
850720
219918
254802
272704
903204
806516
709206
692802
616718
974602
256818
179310
444822
548004
92208
331724
908600
459904
227922
11120
846000
944802
124500
852008
674812
300000
554416
281024
910700
937408
927020
715500
324524
56708
898804
279410
670524
173614
350316
922420
258900
465800
547510
416412
311820
235920
983618
77418
600622
952314
152218
605622
982914
945210
7216
659024
218800
293320
358912
145312
627308
407324
71701
19521
187105
568513
862621
951607
783611
629213
513003