183106
603522
238504
508522
550120
957424
479412
651802
382506
488304
767710
257318
181320
151318
630622
685514
609502
313616
480622
102802
612100
219712
918324
915002
980410
547008
124904
728610
58104
728420
419522
907502
661120
756120
26006
429104
517106
887300
248604
650208
457004
267406
350502
74916
423522
935722
464922
563014
544104
890706
681020
302804
59104
182118
993924
577706
506214
32712
280308
24016
861010
903510
939022
965008
382518
866904
768816
421104
438002
78824
193122
606112
287406
366316
474612
15218
922316
57508
179722
816120
896100
911003
735905
551201
888317
145915
363403
384905
984211
699413