955916
114708
828418
741624
875308
347720
671702
525724
118406
413714
915610
360824
319818
484012
828010
261302
898504
603516
845600
786304
117808
622620
785012
18502
362724
386500
597214
273804
977802
346218
990312
851120
154100
763122
86210
888902
182220
580414
117924
79308
222412
435904
743812
240300
428506
548524
834214
817212
226422
436616
741402
988006
165824
600406
956624
322212
802914
988424
635712
636920
223806
932916
207914
179022
946312
687118
778004
662008
366102
187700
484400
211310
930412
81906
865912
862016
559722
624100
877800
77600
972318
530010
433422
747516
649610
776506
880903
741521
65625
280801
784721
765601
169921
741615
818013