113522
500302
45402
236906
442020
101818
75120
427910
157518
388802
179300
366124
682620
607108
486800
736914
925322
464804
245400
358024
394122
679302
222404
29608
543304
294806
778400
58904
931202
816812
198700
550010
714718
715612
252122
782208
389018
931624
628702
614308
691006
293504
949822
885916
909006
542616
765718
261512
747118
614706
482920
201308
985310
953108
80922
740110
634614
412522
60016
934602
815110
519516
790222
616124
586606
78500
10108
446900
424414
763718
115718
456504
807302
39514
721908
832414
771120
854124
59914
641812
811322
807410
305320
932410
735020
227910
176807
443321
638003
825701
714003
256803
360325
566113
57815