558702
7008
371000
356724
963906
643210
906300
986414
544710
929810
889714
148606
47824
256618
84020
43514
872224
255120
839824
293802
782804
571606
600024
151822
448912
92108
869704
638312
250104
837522
175206
45218
679712
293308
907818
567706
570808
337014
241606
259818
24312
141018
349120
660318
836622
253220
346014
34410
942202
422016
845712
435122
231310
72110
987104
752804
374802
130920
447624
449012
475106
928104
659302
856706
361302
943016
270506
728800
905600
538008
355818
970408
798308
750922
679404
855706
317108
71822
70404
653610
597214
569822
579502
927900
825010
481822
300617
250825
542021
74321
402423
509403
499505
78711
948007