549708
36420
235608
924220
862608
470024
15224
378502
138522
157706
568512
476602
281918
655518
312510
434810
278124
289308
542510
10606
857716
659314
42204
57616
549808
808012
120418
331122
548008
645412
969614
700910
451112
680114
566722
408302
369400
631008
342304
732720
971800
539006
266624
183924
745424
442024
494214
614210
622518
506816
149014
547916
393000
452508
752312
977106
686918
179220
379020
832724
175818
76510
743108
305304
802604
818506
309802
893404
230604
515706
809818
470622
183606
485602
899310
724600
880516
556610
410200
366422
767012
434121
972125
979023
435615
822525
444113
806501
218705
898111