428514
790002
488612
12722
462518
408218
760110
683816
2524
818918
676922
230814
72606
811420
447706
739502
863804
161314
531412
387210
209902
582822
453414
311720
642510
5702
932006
156224
444006
848422
269420
807014
999706
848516
718408
247318
225614
147722
203408
514112
620404
595022
877210
459420
825602
464224
722322
802506
288716
382424
135822
842716
103504
981024
137618
727914
472618
626608
351608
979418
38000
225718
853724
175816
897416
319004
177522
868220
791912
826218
587300
338218
600916
319402
73104
213524
866900
878804
881522
473800
448012
298002
568210
17010
40800
621410
121501
161107
442313
981411
46003
276505
811101
393125
9315