831004
175402
100904
207906
553910
149704
45906
81314
843316
420622
756306
364102
963902
537918
578014
509622
119314
24706
69408
283812
766904
111314
73400
322910
699900
864404
375116
941218
227002
725312
81508
396912
569118
779316
836812
392524
694004
973718
680020
369014
966506
94114
371418
378712
406914
812006
387218
470014
899504
580722
635108
320704
988302
241718
290702
2314
321416
88902
43802
817716
829204
575102
807704
822516
460510
59918
868312
599102
354316
689308
900212
919520
894400
599020
826506
295110
332610
341622
855200
176720
333902
432222
54702
910112
729902
114510
941413
903205
238303
720115
418023
43023
45311
203115
642413