321820
742324
847710
617602
517812
755122
176510
765514
740104
43916
603522
913810
318900
375620
98200
689408
973820
784408
263120
116522
90422
948224
759208
625624
951420
958308
254012
158910
31204
888216
146118
788500
949000
832104
15704
459314
382816
335712
368418
332404
499302
666016
857318
826800
675024
723324
161110
256910
837500
158018
590508
596206
746704
64516
479402
421420
75206
629800
25400
128620
152912
888120
893200
925920
67124
726324
897910
724824
243112
989204
733520
749122
602318
748700
60522
889522
263222
96418
528706
164304
131000
668801
5405
957201
921803
705903
439313
303101
500903
288521