839914
353510
575218
660412
578008
481206
307924
839400
471820
847608
814114
869016
228404
667622
709808
446504
125812
767710
214902
16104
728608
327718
637016
736606
192104
666416
11118
243922
992120
536804
213422
239008
752612
186308
6318
62124
371916
262702
262622
510124
128206
731204
853022
961316
585612
953018
467210
454418
415122
94806
950324
225920
22912
809024
468324
207808
694604
555608
7510
453324
981420
635506
655512
265120
558522
851510
471818
3606
751802
673110
305810
936524
955500
672708
691122
337612
418122
914510
589400
2518
685616
569423
917023
465225
755605
143207
429601
123803
749619
84005