851214
768318
69312
762708
249504
337602
963412
337202
525416
585208
18110
934200
337300
246620
922500
871506
580316
919218
509216
407920
724004
31010
427700
300124
670922
630510
728510
189916
505412
80606
906118
404312
156906
142506
707416
962104
727924
126912
484900
149512
564616
695422
449618
474414
605308
9202
122718
283508
382224
99722
375410
155602
815404
97320
357400
644702
395120
996004
830204
325920
684410
905816
395904
276800
75108
272520
255806
431116
176804
676804
203122
643410
314114
163616
846322
631602
354624
513604
897516
6408
630420
106823
760823
672313
239203
394421
897207
15605
646507
36813