448908
63100
329804
376500
318210
540216
534518
619506
555402
979204
934814
601502
948408
1222
58804
795706
49104
580420
538318
550312
765202
667806
551822
401316
770324
76614
565202
985214
128806
884524
144400
55204
511500
776106
1704
206306
521610
996116
12822
564706
39216
730410
451224
549520
620200
885108
348824
403914
315006
427808
755402
231918
217800
521508
431122
349400
971110
829520
853824
157512
77314
224924
349810
807100
419420
430104
103214
705118
546318
131922
631110
830718
395410
70820
511102
343510
805808
298220
569312
987302
195010
429215
541021
97717
423401
150325
392921
192201
494323
327011