218416
669112
925314
225204
265500
104820
997016
452416
595614
154300
469908
807304
122816
8602
329322
493320
686918
717318
86622
717210
739412
306400
587800
853724
983000
105612
993808
161702
124006
271320
770906
933012
824624
268802
602124
270008
916610
285118
468502
823122
737322
175624
626612
479404
590704
814204
988908
104206
79116
753918
108614
719416
131324
208114
870316
473118
564616
32022
320620
322920
864114
512914
137202
285114
214808
120720
814924
263508
341708
963010
708608
172312
960206
362416
351320
564618
398802
177110
37422
763620
690312
224817
520215
542915
344523
608801
202621
215013
711515
218103