89404
705208
966124
897302
803114
132606
116102
408616
168104
493010
968914
927208
338102
720102
580422
806106
798700
373700
37314
95224
448912
279614
426920
785624
848008
571224
139716
13906
455810
671920
650518
574914
196008
496014
265322
15204
346414
720604
105000
481910
654918
356310
731916
405404
502706
228518
444712
962520
348608
931004
909912
99206
242014
868022
853806
855218
385814
473706
575210
235924
490418
587716
792406
557806
992720
41712
451512
214308
317212
85802
114910
904800
765420
178712
255510
204020
584422
282700
823912
320220
719100
704400
4012
362420
706522
568712
463507
904201
958317
809913
869417
812103
288203
580507
821213