293710
346614
734422
865914
193214
153508
65716
580216
835224
222014
795116
644622
19700
170816
342616
932624
28316
920724
831716
843916
872206
716914
251220
948122
725918
623320
405016
639710
731014
366010
158810
950510
579720
925102
142910
410618
183610
72024
220922
553910
600900
455716
439112
57424
308700
785014
440916
160714
962118
604000
170708
8220
28404
827416
3718
32822
104724
184404
117600
655520
731722
870312
845914
627222
998800
648606
402900
939916
985316
983414
900322
174920
592522
303812
251416
627312
256520
812304
522120
14820
515102
435202
626200
541600
868510
937412
609307
568605
933303
456005
480217
567625
476823
574613
219701