47314
356114
765416
282610
850924
384510
925824
491502
439704
896104
727506
620104
612620
218818
134320
316502
561514
107508
645608
623624
415520
312110
133624
962004
236806
516424
569312
908906
209918
969220
446722
480512
260516
319518
625700
145212
68604
321200
864618
968208
132918
319922
502920
849916
515012
788802
408112
581200
402514
915616
946814
969902
691122
207300
581918
804224
344300
310912
907804
357412
990400
440612
258706
521208
115310
627400
26816
277110
694108
385514
612318
822204
293102
995814
315202
700406
387018
139700
516006
362022
368812
797403
949403
720221
221101
443517
987703
952813
190801
571225