800312
831016
364524
498614
516400
289314
7620
223010
648508
833422
141916
802010
310420
224524
253918
206600
466122
520612
484904
518214
114612
387902
89018
965016
591612
743500
796612
399910
882202
76712
220016
9310
869202
50200
76222
14306
460424
348702
21208
197706
932602
393904
271518
185722
771416
598124
778502
459608
856704
51208
126216
501216
537302
827406
603200
517408
864516
768008
419702
607418
714014
858214
107912
431222
686112
306014
522004
713606
991904
431800
917004
964416
960912
148622
46902
537016
256706
786010
300212
998902
707412
283320
265912
766614
760718
303822
115821
453717
455301
654823
595423
544015
774817
539001
405617