279618
778914
783016
955308
674408
662500
720018
779800
790924
951502
453820
401500
228108
954300
996602
473102
962910
806812
484612
786708
260822
923000
216912
51604
190608
97502
185316
278708
702212
156714
491414
218020
511908
78620
556902
534912
595120
725022
457922
600816
338524
412212
733608
502202
66520
759606
732200
572124
993406
429708
491910
632106
32522
900520
974516
412914
480620
843212
344510
388112
899608
73106
603208
884214
410618
662806
107320
762716
601508
306918
25420
911612
714610
771904
141406
426300
56722
795500
517204
877014
72404
244720
874710
921622
836324
216022
11213
710703
642617
585111
753723
668413
411405
103901
412413