474108
54814
612222
899916
832224
483824
801700
586810
308800
14002
575016
420308
945502
724824
842110
682914
812700
799500
716112
159922
675706
947224
127306
523916
614424
850910
87322
362106
637320
599622
867116
84022
563022
282810
583102
832618
348724
544320
329602
646322
962510
171812
884324
611002
491924
710722
836722
73910
901512
61922
539612
298604
727004
496218
645000
316900
662716
846214
764520
476416
669024
959414
344008
422206
174700
388518
534420
971918
122312
874102
657220
550712
400800
840204
132400
405008
665018
268922
927802
960600
387910
840614
330802
240512
839524
181500
447311
925705
550525
744017
53519
62703
582703
577521
955805