147210
333218
936822
600216
873614
230304
375216
874100
130604
3302
175116
818424
103504
880106
761302
432006
655220
570316
448622
735306
75406
218312
748704
548406
872614
260008
5902
842622
131402
713300
83722
823006
539320
594822
980022
173900
310810
211510
80422
374714
467820
689510
745310
342516
238614
631306
933612
549102
335000
726804
708006
798704
529224
158412
340524
867802
749612
407010
74110
649508
655604
753912
481016
136110
437002
150106
368010
776700
19900
460022
676222
108424
386014
904112
962718
781214
387114
527002
854820
492618
16502
145312
380022
705322
883802
575416
383621
696907
862123
162917
321319
138203
602017
952003
901511