748716
183002
129308
320900
93116
202818
174912
804508
676624
819622
618600
585118
621820
750124
990118
778916
87804
524724
885814
540812
286600
851124
551006
168920
741910
816604
777722
728920
630402
174906
160802
886414
8510
912918
179816
578424
639716
844308
570020
700316
115002
786500
980824
622402
944206
309122
536006
384916
146816
845308
743704
515414
702416
388214
15614
849510
409002
754300
348304
720122
35824
82022
588300
757902
453618
117118
513110
329614
65412
292710
496208
938322
303120
243700
463100
950412
862712
114216
528304
45614
465612
364505
727017
959101
968621
558303
828017
430407
888123
531103