674602
631906
284606
795314
293214
11716
178214
877616
628100
207106
571416
745804
2814
84406
9800
487910
255502
426510
742922
70616
985310
881212
408024
995222
111308
384616
270714
590924
752224
690016
707018
544222
803020
572916
491514
710304
359300
729812
751814
445216
337920
12020
548114
453106
374710
896716
733918
854706
172002
123100
664802
890214
637222
18514
90908
699106
135416
602104
557712
67018
29320
805824
567320
226522
753214
878506
890016
515722
904204
8622
811702
917818
617320
146404
618606
307112
894406
862118
288412
964502
194302
943010
574302
949520
691700
164712
75413
775305
271421
826713
127221
935621
597501
344617
807911