40706
216124
446218
162712
14224
305222
897414
998210
685706
614116
577614
458900
394720
50804
725902
73504
331014
466924
12114
644308
142906
292714
911216
25310
179708
764614
779610
941700
279302
995800
797106
202424
283920
273006
46104
162006
150816
238000
815422
522310
706324
240106
438904
814912
719808
202006
732320
155602
551616
152300
979620
482900
987208
564608
288110
716108
737702
527718
433702
519500
299402
446616
256812
759918
340718
406708
720410
348408
100324
716702
619520
321512
182308
138222
118510
542308
603606
481624
75210
218820
488122
295422
717800
62504
641322
931010
636617
314521
976605
631413
58023
168301
525001
683303
983215