242718
647824
778410
188914
950122
948514
445716
230504
574416
762506
510316
395210
114402
817414
610600
120408
641818
994316
999708
12700
803408
441800
901110
935324
119218
538424
673416
288002
167324
601118
986814
44408
782022
300400
385624
608
41614
927412
979620
543308
1714
974400
789022
277016
933218
2524
779000
258724
603714
855318
411124
770208
207312
16602
708200
671422
795600
491814
825810
511312
112212
417320
343606
122210
72904
212400
360104
811722
294416
917918
422110
673612
594808
686402
159306
852002
829100
851708
489222
682422
419102
444002
169902
249110
117602
471900
544015
19903
8501
61705
22821
6617
59703
331523
766421