734110
113022
474216
447812
835518
226706
805020
752708
891904
887124
840200
220514
602110
184014
308600
921406
807610
729416
515714
253514
939800
950910
149022
840518
534410
581002
599014
778404
352310
248724
667210
964424
862524
258502
904224
430920
745500
167010
416212
171710
243604
26018
595600
564420
952806
286114
701422
167810
716220
158618
145916
775520
545516
643420
137708
85324
295400
392714
813004
249908
244610
475306
415416
553414
832820
590414
509002
895212
1020
409910
624824
915502
884002
115322
554306
508606
580616
313106
861712
738610
225612
122913
164803
778125
181205
65211
424117
873425
449701
651621