764508
609502
405510
743818
105014
524224
556508
594418
921714
729616
306712
646300
234724
216704
745714
728800
965912
609122
199412
172606
518922
994720
97704
465920
705822
597706
373112
570920
872214
902418
613700
183216
152222
389624
78010
29720
329814
428314
458912
72518
52500
541708
264410
637708
313614
231812
441224
169222
577604
965508
884308
721818
781022
161800
758520
752924
226800
991710
408514
504812
878506
390700
206110
759122
843822
484806
515412
551100
929506
491616
861424
806320
266912
395018
30110
333522
513110
83018
173410
88810
231800
256717
757017
312503
75925
996205
363123
945013
475407
721119