830916
21112
673116
847208
725724
901506
877906
309814
167912
849122
804124
578708
80416
390410
893222
912718
874914
466702
862014
959822
229724
261310
674820
244222
226606
417300
95002
288804
950914
178006
922814
831308
235222
742512
329610
927106
60818
609820
186022
887904
694116
396300
844914
836908
769402
84618
476518
90324
590608
451914
994818
177316
344720
899906
463220
539522
572424
323608
706012
985410
122912
107124
446712
339802
158912
810610
150606
497508
477406
17012
410616
954816
333102
514500
959802
554612
117802
721422
20800
734020
568220
428722
476322
6518
188722
385420
788717
178023
594107
560701
180225
784513
212419
879519
30307