567518
620310
76718
656216
814702
811418
890518
197708
948022
981608
150512
807714
860608
722308
114514
42604
847502
613112
296808
417814
154012
872908
733808
438504
758320
109810
16014
580410
594406
547214
403808
6120
459420
494016
997816
522304
857306
284808
655906
275916
421708
692612
774918
611414
6824
686508
757008
29006
256406
129614
132510
530614
601508
330812
456808
312620
408422
752116
168800
637802
479802
457704
682024
281916
410808
573504
291506
104
670314
640810
843600
922212
271602
327610
663400
683110
487012
996906
168412
888922
202300
472913
85211
216207
183525
867521
325905
71123
270517
517711