190324
402124
861402
616304
561018
386106
866610
755824
29600
622310
19812
733008
53816
928510
574218
222700
483512
905420
188410
32018
381214
304418
877224
154522
694210
887910
307002
743822
404914
196608
715918
516616
952116
735810
112700
634918
263504
278918
595412
347118
503010
331910
935124
854720
173002
104804
486004
519204
270924
356816
26918
783714
164120
173520
683818
339810
571002
892424
401316
515716
214124
605518
734116
501014
273106
155100
464004
490818
285900
67520
661516
138424
3918
285210
426102
461600
479712
754222
582312
15620
952508
23625
659203
651907
669913
964221
303205
789505
773911
129917