432114
784612
543516
595320
457924
191810
975916
309106
863304
161022
480606
277514
17618
231224
614506
867502
29702
72320
816008
501718
332116
598314
504518
892000
329322
807722
544224
735124
759410
196618
395610
920124
188016
825520
917024
952122
221322
597620
312718
3310
586618
2702
111822
475916
94714
936220
74310
423414
224416
987108
304310
562618
188104
357410
30904
308322
490106
255614
482514
668322
122502
777616
130014
795318
719102
861018
415820
256714
997910
624910
295424
693208
380112
177122
195702
140806
904208
327620
654716
969118
730906
943803
991005
873405
418425
414225
556321
868707
4417
926023