203918
2824
727612
955918
744908
367714
804000
899724
432402
503016
479508
306022
528402
795806
517306
358904
356122
285422
990808
42300
253908
928224
833020
279702
377200
855608
459424
305400
232424
405106
227324
671024
973206
725924
126114
177900
940000
871506
750218
960206
940520
978212
516812
255122
262424
308324
977524
932508
666822
546920
402012
343922
788404
93918
679506
82016
911916
186916
693818
848314
622714
380406
37916
905614
774300
899306
385410
163700
674808
478216
342520
693920
254012
578418
930602
332022
428702
795810
436210
408222
949410
367205
198015
10101
642611
764123
508825
31001
469715
534625