683902
21420
775208
804220
12016
299110
864214
943214
671504
10712
997100
105100
450912
815812
106408
494816
726116
381806
178514
216416
494604
767108
221708
632912
150616
980610
819112
907408
164016
453024
364620
74024
845814
878210
747618
540816
459908
503106
596914
585304
651508
957806
685524
644000
284118
543608
781316
86312
462100
590812
195608
818612
152304
563024
792324
17922
989000
614914
922806
122908
146106
974002
709102
54616
212222
469010
301202
899316
57414
346210
999714
389420
340016
672106
433922
169520
907720
293612
334610
410812
295410
55702
689420
435112
228412
571504
278505
307405
416023
53125
161611
949023
642505
289917
891513