212804
624524
371904
966114
143916
392612
590422
939200
371700
932512
54506
245720
477510
290116
303512
594718
248908
901904
771402
854414
250408
420818
614210
172000
697602
522310
705816
521822
864014
912314
353308
701924
293312
563006
279714
618602
223312
858904
201402
21522
70802
994312
268510
502910
587618
438618
660104
619702
404706
80616
912620
650412
201000
383320
723110
653708
785302
570800
993502
193020
538724
634312
336612
892512
355800
4900
668204
680822
907818
493410
772422
309802
428704
417822
234108
296502
430324
783110
214912
1306
994708
164412
853300
758624
458324
864610
967509
17815
24815
731023
924525
656325
714607
17323
28913