688102
253902
769704
302414
62916
566022
2508
976406
7004
463618
354704
440416
110716
730908
970602
998600
50208
215610
151806
237404
645616
385700
236314
328200
14410
814518
371424
84510
258124
836814
731414
619910
110020
682210
434904
593406
718610
484406
187210
424418
487824
432612
133620
945910
228008
982500
190402
200112
973414
727318
188320
495516
869700
712706
189016
490014
249522
629820
720608
230104
52606
454606
70302
316414
320404
357924
862220
842706
710800
323216
564016
311012
49802
220320
830310
779810
955612
423308
772704
635508
874822
18311
776105
91323
355715
251423
123505
668315
722223
157015