880218
87110
930222
969402
724212
893910
637000
190218
448616
978518
924920
68306
343608
913102
675824
620202
625212
323022
983122
724714
119810
177820
773416
294422
734802
422414
577800
593906
660206
738710
703320
196810
242522
304104
357400
78006
273010
82806
216706
658920
509804
176204
476512
274504
728408
641712
586022
597900
52906
822724
511620
877922
576212
501914
390806
929620
734804
866120
312716
695824
919720
204614
564402
624014
607722
186108
490002
701206
731420
631120
972412
434508
796012
487020
754714
308322
998924
291012
228512
257224
977702
913023
136407
200611
653625
340207
732705
880501
219813
969721