123020
35910
506604
508924
718824
624714
186202
615612
597410
434212
549116
366416
925800
661608
947012
404004
920106
351600
255702
264924
396910
490912
132500
992220
334218
679620
925122
138322
195300
584200
270604
987724
585700
696616
595014
772710
96616
80508
195808
494300
152116
382002
798908
807800
825522
264512
526824
966722
832206
805324
187516
36624
887010
51510
693104
669200
659708
128906
385322
529614
632908
298910
849420
593814
218910
783200
539002
638718
753000
824516
672716
529212
250616
412800
274212
741902
496320
593618
848300
239408
833116
544319
162621
4909
986519
281219
766721
548101
131907
87123