414404
263110
57100
704612
385906
501822
628104
847018
12616
517208
16622
245608
917522
228218
118524
998514
100614
851500
432820
779416
427304
199022
3410
341022
368720
554200
180106
3322
551700
7414
550512
64302
41108
790022
39906
856818
310302
493518
968418
737906
496910
888922
836810
2812
71324
190810
220110
215018
141512
946302
772708
76524
24124
174812
911916
823602
464508
686816
436724
969820
15408
350216
535402
317712
89814
952622
247818
19724
632518
879310
370022
718116
28112
823708
590516
573706
676214
882714
89324
996712
375214
6023
418305
299311
973207
380903
259025
345501
74325
343915