852708
499104
921206
122210
127800
629310
866310
56022
92714
416224
909920
60608
741322
293002
115610
4402
427310
812424
547208
647920
64920
717022
833300
686200
747724
392722
814710
987410
442802
314316
816208
985410
182516
648806
9408
476824
906102
681824
890416
742710
524014
235610
88710
722000
424918
437420
478208
50714
188008
334510
467014
631916
63404
137104
559816
923820
488504
998004
216306
807706
277912
268724
327702
509118
973206
663214
391708
588720
196212
400814
721110
373602
367222
144622
710116
738202
639616
575508
183002
997806
110822
349612
573400
687612
783500
139502
318913
397313
495007
880801
526125
308111
745911
468721
510417